P43
P53
52
255
255
255
255
255
255
255
4
P95
0
2
2
0
54
P50
P14
P0
0
:3
0
0
4
0
6
P0
11
0
1
P0
6
P5
10
0
1
P0
0
1
3
P1
0
3
P0
0
16
P4
1
1
:3
1
0
6
0
1
P3
1
0
48
P14
114
49
50
57
95
98
50
48
49
95
115
50
48
49
0
5
P0
0
0
1
P0
5
P1
4
0
1
P0
6
P5
21
0
1
P0
16
P4
1
2
:3
1
0
6
0
1
P3
1
0
38
P10
115
117
114
102
95
48
95
49
95
48
0
5
P0
0
0
1
P0
5
P1
1
0
1
P0
5
P5
8
0
3
P0
0
16
P4
1
4
:3
1
0
6
0
1
P3
1
0
38
P10
115
117
114
102
95
48
95
49
95
48
0
5
P0
0
0
1
P0
5
P1
1
0
1
P0
5
P5
8
0
3
P0
0
16
P4
1
5
:3
1
0
4
0
1
P3
1
0
48
P14
114
49
50
57
95
98
50
48
49
95
115
51
48
49
0
5
P0
0
0
1
P0
6
P5
21
0
1
P0
16
P4
1
7
:3
1
0
6
0
1
P3
1
0
38
P10
115
117
114
102
95
48
95
49
95
48
0
5
P0
0
0
1
P0
5
P1
1
0
1
P0
5
P5
8
0
3
P0
0
16
P4
1
8
:3
1
0
4
0
1
P3
1
0
48
P14
114
49
50
57
95
98
50
48
49
95
115
51
48
50
0
5
P0
0
0
1
P0
6
P5
21
0
1
P0
17
P4
1
10
:3
1
0
6
0
1
P3
1
0
38
P10
115
117
114
102
95
48
95
49
95
48
0
5
P0
0
0
1
P0
5
P1
1
0
1
P0
5
P5
8
0
3
P0
0
17
P4
1
11
:3
1
0
4
0
1
P3
1
0
48
P14
114
49
50
57
95
98
50
48
49
95
115
52
48
49
0
5
P0
0
0
1
P0
6
P5
21
0
1
P0
17
P4
1
13
:3
1
0
6
0
1
P3
1
0
38
P10
115
117
114
102
95
48
95
49
95
48
0
5
P0
0
0
1
P0
5
P1
1
0
1
P0
5
P5
8
0
3
P0
0
17
P4
1
14
:3
1
0
4
0
1
P3
1
0
70
P20
114
49
50
57
95
98
50
48
49
95
115
52
48
49
95
112
108
97
116
101
0
5
P0
0
0
1
P0
6
P5
21
0
1
P0
17
P4
1
16
:3
1
0
6
0
1
P3
1
0
38
P10
115
117
114
102
95
48
95
49
95
48
0
5
P0
0
0
1
P0
5
P1
1
0
1
P0
5
P5
8
0
3
P0
0
17
P4
1
17
:3
1
0
4
0
1
P3
1
0
48
P14
114
49
50
57
95
98
50
48
49
95
115
52
48
50
0
5
P0
0
0
1
P0
6
P5
21
0
1
P0
17
P4
1
19
:3
1
0
6
0
1
P3
1
0
38
P10
115
117
114
102
95
48
95
49
95
48
0
5
P0
0
0
1
P0
5
P1
1
0
1
P0
5
P5
8
0
3
P0
0
17
P4
1
20
:3
1
0
4
0
1
P3
1
0
54
P16
114
49
50
57
95
98
50
48
49
95
115
52
48
50
95
50
0
5
P0
0
0
1
P0
6
P5
21
0
1
P0
17
P4
1
22
:3
1
0
6
0
1
P3
1
0
38
P10
115
117
114
102
95
48
95
49
95
48
0
5
P0
0
0
1
P0
5
P1
1
0
1
P0
5
P5
8
0
3
P0
0
17
P4
1
23
:3
1
0
4
0
1
P3
1
0
54
P16
114
49
50
57
95
98
50
48
49
95
115
53
48
49
95
50
0
5
P0
0
0
1
P0
6
P5
21
0
1
P0
17
P4
1
25
:3
1
0
6
0
1
P3
1
0
38
P10
115
117
114
102
95
48
95
49
95
48
0
5
P0
0
0
1
P0
5
P1
1
0
1
P0
5
P5
8
0
3
P0
0
17
P4
1
26
:3
1
0
4
0
1
P3
1
0
60
P18
114
49
50
57
95
98
50
48
49
95
115
53
48
49
95
50
95
50
0
5
P0
0
0
1
P0
6
P5
21
0
1
P0
17
P4
1
28
:3
1
0
6
0
1
P3
1
0
38
P10
115
117
114
102
95
48
95
49
95
48
0
5
P0
0
0
1
P0
5
P1
1
0
1
P0
5
P5
8
0
3
P0
0
17
P4
1
29
:3
1
0
4
0
1
P3
1
0
68
P20
114
49
50
57
95
98
50
48
49
95
115
53
48
49
95
98
108
97
99
107
0
5
P0
0
0
1
P0
6
P5
21
0
1
P0
17
P4
1
31
:3
1
0
6
0
1
P3
1
0
38
P10
115
117
114
102
95
48
95
49
95
48
0
5
P0
0
0
1
P0
5
P1
1
0
1
P0
5
P5
8
0
3
P0
0
17
P4
1
32
:3
1
0
4
0
1
P3
1
0
75
P21
114
49
50
57
95
98
50
48
49
95
115
53
48
49
95
121
101
108
108
111
119
0
5
P0
0
0
1
P0
6
P5
21
0
1
P0
17
P4
1
34
:3
1
0
6
0
1
P3
1
0
38
P10
115
117
114
102
95
48
95
49
95
48
0
5
P0
0
0
1
P0
5
P1
1
0
1
P0
5
P5
8
0
3
P0
0
17
P4
1
35
:3
1
0
4
0
1
P3
1
0
48
P14
114
49
50
57
95
98
50
48
49
95
115
53
48
50
0
5
P0
0
0
1
P0
6
P5
21
0
1
P0
17
P4
1
37
:3
1
0
6
0
1
P3
1
0
38
P10
115
117
114
102
95
48
95
49
95
48
0
5
P0
0
0
1
P0
5
P1
1
0
1
P0
5
P5
8
0
3
P0
0
17
P4
1
38
:3
1
0
4
0
1
P3
1
0
93
P25
114
49
50
57
95
98
50
48
49
95
116
114
97
110
115
112
111
114
116
95
101
113
117
105
112
0
5
P0
0
0
1
P0
6
P5
21
0
1
P0
17
P4
1
40
:3
1
0
6
0
1
P3
1
0
38
P10
115
117
114
102
95
48
95
49
95
48
0
5
P0
0
0
1
P0
5
P1
1
0
1
P0
5
P5
8
0
3
P0
0
17
P4
1
41
:3
1
0
4
0
1
P3
1
0
65
P19
114
49
50
57
95
98
50
48
49
95
110
97
109
101
95
55
48
95
49
0
5
P0
0
0
1
P0
6
P5
21
0
1
P0
17
P4
1
43
:3
1
0
6
0
1
P3
1
0
38
P10
115
117
114
102
95
48
95
49
95
48
0
5
P0
0
0
1
P0
5
P1
1
0
1
P0
5
P5
8
0
3
P0
0
17
P4
1
44
:3
1
0
4
0
1
P3
1
0
65
P19
114
49
50
57
95
98
50
48
49
95
110
97
109
101
95
55
48
95
50
0
5
P0
0
0
1
P0
6
P5
21
0
1
P0
17
P4
1
46
:3
1
0
6
0
1
P3
1
0
38
P10
115
117
114
102
95
48
95
49
95
48
0
5
P0
0
0
1
P0
5
P1
1
0
1
P0
5
P5
8
0
3
P0
0
17
P4
1
47
:3
1
0
4
0
1
P3
1
0
77
P22
114
49
50
57
95
98
50
48
49
95
110
97
109
101
95
102
97
110
117
99
95
49
0
5
P0
0
0
1
P0
6
P5
21
0
1
P0
17
P4
1
49
:3
1
0
6
0
1
P3
1
0
38
P10
115
117
114
102
95
48
95
49
95
48
0
5
P0
0
0
1
P0
5
P1
1
0
1
P0
5
P5
8
0
3
P0
0
17
P4
1
50
:3
1
0
4
0
1
P3
1
0
77
P22
114
49
50
57
95
98
50
48
49
95
110
97
109
101
95
102
97
110
117
99
95
50
0
5
P0
0
0
1
P0
6
P5
21
0
1
P0
17
P4
1
52
:3
1
0
6
0
1
P3
1
0
38
P10
115
117
114
102
95
48
95
49
95
48
0
5
P0
0
0
1
P0
5
P1
1
0
1
P0
5
P5
8
0
3
P0
0
17
P4
1
53
:3
1
0
4
0
1
P3
1
0
94
P27
114
49
50
57
95
98
50
48
49
95
110
97
109
101
95
114
111
98
111
116
95
109
55
49
48
95
49
0
5
P0
0
0
1
P0
6
P5
21
0
1
P0
17
P4
1
55
:3
1
0
6
0
1
P3
1
0
38
P10
115
117
114
102
95
48
95
49
95
48
0
5
P0
0
0
1
P0
5
P1
1
0
1
P0
5
P5
8
0
3
P0
0
17
P4
1
56
:3
1
0
4
0
1
P3
1
0
94
P27
114
49
50
57
95
98
50
48
49
95
110
97
109
101
95
114
111
98
111
116
95
109
55
49
48
95
50
0
5
P0
0
0
1
P0
6
P5
21
0
1
P0
17
P4
1
58
:3
1
0
6
0
1
P3
1
0
38
P10
115
117
114
102
95
48
95
49
95
48
0
5
P0
0
0
1
P0
5
P1
1
0
1
P0
5
P5
8
0
3
P0
0
17
P4
1
59
:3
1
0
4
0
1
P3
1
0
54
P15
114
49
50
57
95
98
50
48
49
95
114
109
95
114
112
0
5
P0
0
0
1
P0
6
P5
21
0
1
P0
17
P4
1
61
:3
1
0
6
0
1
P3
1
0
38
P10
115
117
114
102
95
48
95
49
95
48
0
5
P0
0
0
1
P0
5
P1
1
0
1
P0
5
P5
8
0
3
P0
0
17
P4
1
62
:3
1
0
4
0
1
P3
1
0
74
P21
114
49
50
57
95
98
50
48
49
95
114
109
95
114
112
95
99
97
98
108
101
0
5
P0
0
0
1
P0
6
P5
21
0
1
P0
17
P4
1
63
:3
1
0
2
0
1
P3
1
0
10
P2
107
49
0
5
P0
0
0
1
P0
17
P4
1
64
:3
1
0
2
0
1
P3
1
0
10
P2
107
50
0
5
P0
0
0
1
P0
17
P4
1
65
:3
1
0
2
0
1
P3
1
0
10
P2
107
51
0
5
P0
0
0
1
P0
17
P4
1
66
:3
1
0
2
0
1
P3
1
0
10
P2
107
52
0
5
P0
0
0
1
P0
17
P4
1
67
:3
1
0
2
0
1
P3
1
0
10
P2
107
53
0
5
P0
0
0
1
P0
17
P4
1
76
:3
1
0
2
0
1
P3
1
0
10
P2
107
54
0
5
P0
0
0
1
P0
17
P4
1
77
:3
1
0
2
0
1
P3
1
0
10
P2
107
55
0
5
P0
0
0
1
P0
17
P4
1
78
:3
1
0
2
0
1
P3
1
0
30
P9
84
79
79
76
70
82
65
77
69
0
5
P0
0
0
1
P0
17
P4
1
82
:3
1
0
2
0
1
P3
1
0
30
P9
66
65
83
69
70
82
65
77
69
0
5
P0
0
0
1
P0
17
P4
1
83
:3
1
0
2
0
1
P3
1
0
24
P7
82
69
70
82
65
77
69
0
5
P0
0
0
1
P0
17
P4
1
95
:3
1
0
2
0
1
P3
1
0
15
P4
84
67
80
70
0
5
P0
0
0
1
P0
